1225484356073984010
1225484695984594951
1225484758244823040
1225484809386037249
1225485374769811456
1225485824827052035
1225486204621197313
1225486207272001538
1225486663406817283
1225486970207510529
1225487802089066496
1225488418001608711
1225488546263453703
1225489547854798850
1225489651089182721
1225489708928684033
1225490229701890055
1225490271351246848
1225491330937368576
1225491653709922304
1225491880676405256
1225492283694419968
1225492293609717760
1225492353273733129
1225493111104843779
1225493242474565632
1225493482359394304
1225493664442585090
1225493824073555968
1225493995591290890
1225494450601910272
1225494586312794114
1225494936839168000
1225495045735882752
1225495264783413250
1225495446598098946
1225495738844618753
1225495993384407043
1225496185298989059
1225496350340665349
1225496452081897475
1225496610349756416
1225496689500446720
1225496971114405890
1225497993245286405
1225498129186906112
1225498175294885889
1225498946044399617
1225499055851216896
1225499279520935938
1225500468429967360
1225501576829206531
1225501695632867328
1225502141034455045
1225502647110787072
1225502653473533953
1225503361316904961
1225503510579601411
1225503562693795840
1225503786850029568
1225504068518449152
1225504798033817600
1225505787252006916
1225505890826145797
1225506102311366656
1225506179180310529
1225506239792209923
1225506285363384321
1225506303931568130
1225506914739642369
1225507099607695363
1225507268764016640
1225507309893320705
1225507414545510401
1225507640035467264
1225508301619769344
1225508805007548420
1225508855716683777
1225509305874599936
1225509609953210378
1225509771949805574
1225509819693576193
1225509852853739521
1225510237253373952
1225510486881509378
1225510978181378049
1225512064980004871
1225512866926735366
1225513056257691658
1225514373197783045
1225514454265319426
1225514550847516676
1225514733949857794
1225514815227138048
1225514901415845890
1225515615374512129
1225515723616931841
1225515891221245952
1225516208306491392
1225516734586769408
1225517205623889923
1225517424881143816
1225517868588072968
1225517956597239808
1225518096250757120
1225518648116289541
1225518968556969984
1225519253698293770
1225519440017723392
1225519551993057281
1225519978197200902
1225520208531599361
1225520260205481984
1225520438459162629
1225520514787094534
1225520777937727503
1225520819708866560
1225520858069917697
1225522005442781184
1225522352370352129
1225522826016370688
1225522888247259143
1225522931087835136
1225523241785208832
1225523262735687683
1225524998900723723
1225526086785740800
1225526763507331082
1225526783723941890
1225526917769695232
1225526969040805890
1225527309983199234
1225528381413961747
1225528455749607429
1225528936026779656
1225529292970438679
1225529327158210586
1225529617924096002
1225529638568505392
1225529731145195520
1225530581573885962
1225530741225861127
1225530760666501121
1225531597774114819
1225531906789380098
1225532760225349633
1225533050144133120
1225534237463498753
1225534431135485953
1225534475838394371
1225534680851714053
1225534881247219712
1225534903175045122
1225535088462565376
1225535216313348101
1225535279882285056
1225535545973059592
1225536215438458886
1225536311395803137
1225536422666555397
1225536527188582404
1225537289088045058
1225537453265686528
1225537507758166019
1225537751375896576
1225538084378378240
1225538109493956611
1225538551644856328
1225538619424870400
1225539140382531587
1225539407706513408
1225539736665821186
1225540918754844677
1225541037483057160
1225541271885950976
1225541779031810052
1225541916990824454
1225542470248869888
1225542737782616069
1225542848847761408
1225543275815284737
1225544028265099264
1225544319232245763
1225544432927301633
1225544555178668033
1225544912080429058
1225545709908365313
1225545724655480834
1225545761112383501
1225545945770795010
1225546619971604480
1225546686707228674
1225546912868245505
1225547004157267970
1225547021626507264
1225547153524842496
1225547291928465408
1225547357619707905
1225547403337641987
1225548509023219719
1225548634663653378
1225548711650045952
1225548997995180032
1225549072624472064
1225549182083223553
1225549271568613377
1225549320704995351
1225549436711002113
1225549479312535552
1225549806971559942
1225549921178279937
1225549946327379970
1225549970377494528
1225550600659664896
1225550764036231168
1225550767043600384
1225550941497282562
1225550995717009413
1225551004810252288
1225551319018196995
1225551770841178118
1225552185490100224
1225552356030455809
1225552393988976646
1225552464604225537
1225553505315950592
1225553650535321601
1225553849445994497
1225554181404188672
1225554481804431360
1225555025935523840
1225555223458041862
1225555334875488256
1225555849554354177
1225556668538327044
1225558403382218752
1225558629950066688
1225561606572199939
1225562783829446657
1225563153804689410
1225563292611026944
1225563609859751941
1225563696598069251
1225563696975532033
1225563868145049601
1225563881210368004
1225563987619782662
1225564328822235141
1225564382580690944
1225564470363250688
1225564470811987971
1225565060128526337
1225565060636069890
1225565343151685633
1225565717417857025
1225566450028621824
1225566988623384576
1225567961517260800
1225568464225669121
1225568885317029888
1225568901016190976
1225569459164909576
1225570651886571520
1225570741120380931
1225572269453455360
1225573592601186306
1225574025767858176
1225574355532500993
1225575094577172480
1225575284801515523
1225575805528526849
1225576321134333957
1225576397210619904
1225576587652927488
1225576915819548672
1225577071960903686
1225580941172715520
1225581225181687808
1225581308539215880
1225581336888561665
1225581344304062464
1225582007972966403
1225582202286637057
1225582410923991040
1225583763876433920
1225583818486231041
1225583823481704448
1225586456523149312
1225587650196885506
1225588805060775937
1225592593792278529
1225594985539567618
1225596301036998659
1225599122079543296
1225600072211222529
1225600270555590656
1225602091214786560
1225602714681278465
1225603231969140742
1225604737443258368
1225605629164703744
1225606547281149958
1225608130697953280
1225610563100856321
1225611412355112967
1225613048062320640
1225613824163799048
1225614165622087682
1225614913751699456
1225615166517260289
1225615430968119296
1225618187670163457
1225618292842225664
1225619370879135751
1225620383174397952
1225623394231648256
1225626531231256577
1225626986938126338
1225627786007605253
1225629046974795778
1225630062277320704
1225633218159767552
1225633234651729920
1225633259880513548
1225633299617312768
1225633319695466498
1225633502047002626
1225633624529047552
1225634538417610752
1225637528159408128
1225638284451205120
1225644926236409857
1245219064424824833
1245219412971589632
1245220210057056261
1245220393956388864
1245220607718981632
1245221720178462721
1245221920930435073
1245221967688609792
1245222294810697729
1245222369666519045
1245222630677979138
1245222750500933633
1245223082618478592
1245223166504513537
1245223170694688768
1245223384801312768
1245224412800040963
1245224684808962048
1245224958059581441
1245225255293067266
1245225519651618816
1245225558159564801
1245225565705113600
1245225746513252362
1245226899212730374
1245227042167275520
1245227159490265089
1245227193296396291
1245227630690832384
1245230092432924674
1245230465872773120
1245230704394489856
1245230780462190598
1245231681159802882
1245231916711895040
1245231975071449092
1245232004192444416
1245232075873103877
1245232196824322049
1245232373312225281
1245232406866661377
1245232604779024384
1245232642468884481
1245232973835837440
1245233249909121024
1245233610720006144
1245233744925122561
1245233761245114368
1245233833127088129
1245234365573091328
1245234440957317121
1245234470187405318
1245234860370857984
1245235146699223041
1245235703904116736
1245235707620339712
1245235724158406657
1245235921903128577
1245236118473396225
1245236450225983488
1245237046488133633
1245237087496032262
1245237096555655169
1245237116826722311
1245237137819291648
1245237142789541889
1245237192735117312
1245237348004253696
1245237460805681152
1245237612132151297
1245237695644868610
1245237796610195456
1245237805359542274
1245238098482651136
1245238140937342976
1245238299679129600
1245238643725422594
1245239357339881472
1245240075014856704
1245240254157725696
1245240351629234176
1245240581586026502
1245240761672704001
1245240992732676096
1245241404114288640
1245241634700263424
1245242129695363072
1245242288667795457
1245242486341226498
1245242830370594817
1245243269883330560
1245243273867931648
1245243526201442304
1245243538482356226
1245243551052595200
1245243727112818688
1245243865856163840
1245244125466832896
1245244213488467968
1245244528560427008
1245244951673348097
1245245690072182784
1245245703464591361
1245245791180128256
1245246005462908928
1245246156445286400
1245246213835952130
1245246365715828736
1245246617911005185
1245246814598696960
1245246944198504448
1245247003262693376
1245247300202455040
1245247330942623745
1245247334080032771
1245247716655017984
1245247909282689025
1245248110709932032
1245248282500218880
1245248311667363845
1245248345704144896
1245248496715866112
1245248790069641216
1245248797933891586
1245249007611453446
1245249188012732417
1245249268354596864
1245249423728201729
1245249574291361793
1245249771310387205
1245250178438836224
1245250202832863234
1245250203826954245
1245250425315565568
1245250522157912065
1245250547428528128
1245250681210052610
1245250853625196544
1245251000019169286
1245251142831005696
1245251162498109442
1245251256064585728
1245251688111497216
1245251688354676736
1245251705551413250
1245251767945789441
1245252229482807296
1245252521523896320
1245252782451556352
1245253160647692294
1245253286258708480
1245253563170852865
1245253600667975680
1245253894596440066
1245253991409364997
1245254272071188482
1245254410609065985
1245254665912094721
1245254670693601280
1245254808862363648
1245254939384909824
1245255081290641409
1245255916506791942
1245255957397082112
1245255991584833536
1245256092705329153
1245256361316884486
1245256389422964742
1245256553848098816
1245257082485555203
1245257119974273024
1245257447658438656
1245257464003604481
1245257530386890752
1245257929709813761
1245258042146533376
1245258126070362113
1245258244534272001
1245258747531997184
1245258851806523393
1245258919662047235
1245259052566921217
1245259120992714752
1245259229885280256
1245259388799066112
1245259590184439808
1245259674364063747
1245259724351774720
1245259779435565056
1245259997048705025
1245260286589841409
1245260441993052160
1245260526323720197
1245260877324079104
1245261002951843840
1245261171906744320
1245261246863216645
1245261254341455872
1245261343491534849
1245261465193451520
1245261465495445505
1245261477369589763
1245261573805019136
1245261670349496320
1245261703786397696
1245261770463285249
1245261984783835136
1245262202879303686
1245262349780606976
1245262466571030534
1249097846814580738
1249103713198899200
1249105599176028161
1249105699453485057
1249106535050956802
1249106560044814336
1249106829055070210
1249107362746634241
1249107362746634241
1249107537611415552
1249108562254524420
1249110188369444864
1249110690750554113
1249110867163021312
1249110976915320834
1249111294872965121
1249112117984112640
1249112362977640448
1249112692838678530
1249113046565388290
1249113435876601858
1249114432673918977
1249114983490818050
1249115577240649730
1249115761001496587
1249115761001496587
1249115934075367426
1249116126975610880
1249119427678932992
1249119952205996032
1249119993675071488
1249120032526946305
1249120660527493121
1249121151000993794
1249121579923124224
1249121617889951744
1249122346813751296
1249122733696352260
1249125710331105288
1249126801777004545
1249126830529040385
1249126856143646721
1249128156499410946
1249131755090649089
1249133096089333760
1249133168055197696
1249135333003923456
1249135614273957889
1249137886450143236
1249138026271461378
1249139787866529795
1249140290751016960
1249142714899279872
1249146859244978176
1249147332970643458
1249147995335135233
1249148377180319744
1249149588965150721
1249151241520918530
1249151585407696897
1249151585638285318
1249153012418961408
1249158447335161858
1249159113902301192
1249160066873331712
1249160401570455554
1249160527986786304
1249160892455018496
1249162395513167873
1249166652568199171
1249166769824161793
1249168634989158402
1249169466618978305
1249170124806017026
1249170568760483842
1249172531921260546
1249178950691180544
1249180446795194368
1249182917907136514
1249183462755569664
1249183491989921793
1249183764317638657
1249184696665280517
1255347408172716032
1255348837172088832
1255349136339206144
1255351815505403905
1255352323754414085
1255352477744074755
1255354140303208448
1255354755695742978
1255354794262347777
1255355284048019457
1255355444677279744
1255356069028810752
1255356186339278848
1255357084033519616
1255357574289018882
1255357629880205312
